A = [1 3]
B = [2 4]